0
0.48310543193832356
0.28646186243633953
0.1420674259362678
0.17286359806044535
0.4673577499539796
0.4631791201941089
0.19210200152296608
0.3153134632394445
0.5313781178849772
0.4343189180026005
0.20362726622202645
0.4257944316087511
0.5007063210155678
0.28855226246417937
0.4090689494357884
0.34633467047733224
0.4817866592168357
0.4679020082119839
0.5912850076439157
0.5210642501757531
0.48669178828856346
0.47156986884303415
0.45569735332290995
0.4530901856455621
0.16009599173781666
0.441619015116463
0.4495937836781044
0.37362119734751503
0.36783446814580123
0.30409095151442833
0.47370278209838057
0.43324371792365857
0.32767852881420534
0.4537378842645551
0.6665146669748463
0.2540985165682349
0.36406569517408466
0.33902973446190166
0.39387192319888353
0.5313781178849772
0.39387192319888353
0.2721541970148775
0.5219876443170323
0.3627725165788331
0.4519001017113024
0.5468020936117607
0.49184999945019514
0.4852471935171473
0.4843251892861609
0.35014183578029257
0.3906012357434194
0.4288019430890067
0.5210642501757531
0.4257944316087511
0.6665146669748463
0.25684948188059714
0.4087576529178391
0.5309069739946404
0.36286356373844814
0.5208813244936542
0.5232547311473569
0.4515290654773564
0.5912850076439157
0.49965616496818605
0.21983509952601624
0.4852713116789112
0.29418873829944187
0.4285796310211259
0.5383380299837424
0.33902973446190166
0.6665146669748463
0.4934035768484459
0.4420005967035207
0.6665146669748463
0.5313781178849772
0.4780075110901597
0.7858053468211935
0.4429422406833727
0.5383380299837424
0.5145909460197676
0.47347171921119513
0.47954128689176934
0.35543838986192144
0.5310273235003212
0.19210200152296608
0.23308867174518302
0.45579518975965144
0.5468020936117607
0.3970998793994522
0.5169418879014436
0.47581265854282995
0.47724501466663066
0.5145909460197676
0.45379544794310217
0.43317055579272035
0.4568732275962261
0.2542119083190288
0.6665146669748463
0.4561367707883904
0.43074351814000794
0.374777955072222
0.44230537162086203
0.3970998793994522
0.48057268592410596
0.44230537162086203
0.42951362538998783
0.45786837558666765
0.1420674259362678
0.49714797187992266
0.46407975935921103
0.4262356421713108
0.2540985165682349
0.4232062384586452
0.46628982953768566
0.1420674259362678
0.4404111559125544
0.4316296446236495
0.4408336905047337
0.41042086788725873
0.5309069739946404
0.14946200299695622
0.5304183253028939
0.5912850076439157
0.5320951091927755
0.4583828937309378
0.328514773957018
0.19210200152296608
0.472931316386551
0.4515290654773564
0.29428640039049964
0.4872690191300575
0.4164535467916139
0.460910725836491
0.4622234190061297
0.3889293180684902
0.42538116903356393
0.44840332920443066
0.4875045461987446
0.4257602601305829
0.4426931718840857
0.48137797097521495
0.4288019430890067
0.5383380299837424
0.16009599173781666
0.5309069739946404
0.4317316218201124
0.23308867174518302
0.5104282373669595
0.3675503116151413
0.4530283069090938
0.4571441146520036
0.46966746576397644
0.4377706170763556
0.45566500711289526
0.23052826192502907
0.4344375127734833
0.43228414722294556
0.5124413720507439
0.5186390343789896
0.1420674259362678
0.5320951091927755
0.5310273235003212
0.46966746576397644
0.3702466741062006
0.5468020936117607
0.19210200152296608
0.3171082426592581
0.4452547743496809
0.4573761676332895
0.46000117413273395
0.39864364065715513
0.5468020936117607
0.4349996428147374
0.5313781178849772
0.19210200152296608
0.46526492197946134
0.38950990110589795
0.4461668290664872
0.42489104802734967
0.4117441697105095
0.21560616805636895
0.42174632386178657
0.45942428885427783
0.4944932388494123
0.27166519606257533
0.472931316386551
0.4230201709388417
0.43546644121084194
0.6665146669748463
0.5139650201453071
0.4673577499539796
0.4426931718840857
0.6722513335918062
0.4568732275962261
0.3966171472022576
0.4287715959058056
0.28855226246417937
0.4666485395822816
0.4140827844172285
0.20112929323541007
0.23052826192502907
0.4055206507537884
0.5399009772997765
0.521952770332328
0.659929951744048
0.4087576529178391
0.4316763666729595
0.35014183578029257
0.6665146669748463
0.5146676096500912
0.21983509952601624
0.19210200152296608
0.3660431031061205
0.45566500711289526
0.4622287950453942
0.46871220065607183
0.4197281998062158
0.5194972965411047
0.5383380299837424
0.42833533408698976
0.5310273235003212
0.48632578366814044
0.38800240235927386
0.4563581169636156
0.1420674259362678
0.17286359806044535
0.48323727318737136
0.5383380299837424
0.45564119392429214
0.47199973867034223
0.30890849202462994
0.43242433029727134
0.4307959729372042
0.4584760524332387
0.43520648910685317
0.5310273235003212
0.1420674259362678
0.4724324783760351
0.39287125573572784
0.5146676096500912
0.5305734176333289
0.46175070488490577
0.5468020936117607
0.45598016521397705
0.4257602601305829
0.4928591259412755
0.5331724993342091
0.4087238754737871
0.40445012390105706
0.4531887830812002
0.49184999945019514
0.1420674259362678
0.2681089383364515
0.19210200152296608
0.4513825285683127
0.39253822295577223
0.48555836538284924
0.4718405680364678
0.4568732275962261
0.38950990110589795
0.4584760524332387
0.19184752542071068
0.4584760524332387
0.35623968045836024
0.4504656699282893
0.4090689494357884
0.4316296446236495
0.39253822295577223
0.19210200152296608
0.5266366846246022
0.5226770373635669
0.4194713371455266
0.6665146669748463
0.5194972965411047
0.4349996428147374
0.471611151771306
0.19210200152296608
0.39253822295577223
0.17286359806044535
0.48764571321717154
0.4288019430890067
0.5169069864872222
0.21983509952601624
0.4211504410145714
0.17286359806044535
0.4381450510844235
0.39253822295577223
0.45973033354199505
0.5208813244936542
0.5305734176333289
0.47074627332410907
0.46479001170588036
0.5206825032259885
0.5309069739946404
0.5310273235003212
0.4343189180026005
0.23308867174518302
0.522880586646568
0.17286359806044535
0.44202430310572827
0.4573761676332895
0.4282987636366853
0.42174632386178657
0.45724753323849765
0.38950990110589795
0.46944355023275847
0.3030688735974833
0.4054042913968546
0.4620912758738009
0.38444968393597434
0.47504659598646076
0.29428640039049964
0.6665146669748463
0.42489104802734967
0.4531887830812002
0.3627725165788331
0.3424537025149331
0.4527264372383083
0.42221189628787786
0.472931316386551
0.522880586646568
0.40914737039683796
0.35674434676224126
0.4829677140830271
0.4922084247571971
0.17286359806044535
0.45566500711289526
0.47267756554807
0.48071508677018454
0.5145909460197676
0.4832534010714398
0.21983509952601624
0.4827680508253383
0.5383380299837424
0.40914737039683796
0.4429422406833727
0.45579518975965144
0.47877196679668416
0.6665146669748463
0.40202049022486347
0.40202049022486347
0.5468020936117607
0.2682263339733785
0.4568732275962261
0.23052826192502907
0.40951294254314535
0.42184352433049094
0.4344375127734833
0.5219876443170323
0.7858053468211935
0.4628360117848028
0.40154251069654934
0.19210200152296608
0.7858053468211935
0.47877196679668416
0.4806331484656699
0.3267158723174594
0.6665146669748463
0.3627725165788331
0.5383380299837424
0.19210200152296608
0.4103639707875822
0.14946200299695622
0.41144842432341655
0.5305734176333289
0.3689442778909908
0.21983509952601624
0.6665146669748463
0.21560616805636895
0.1420674259362678
0.5151802435507824
0.5383380299837424
0.6629145225696146
0.45581898683044947
0.47229710039699885
0.45579518975965144
0.4630159086605435
0.42281364130662197
0.46598776630184985
0.45379544794310217
0.17286359806044535
0.5313781178849772
0.6665146669748463
0.33902973446190166
0.4495937836781044
0.4484960819016026
0.480469192458378
0.32723558633505767
0.5219876443170323
0.47542642091530757
0.16009599173781666
0.48014062997057644
0.1420674259362678
0.3706604880736857
0.4533736536683962
0.4635628967640702
0.46681597884701126
0.5399009772997765
0.41042086788725873
0.3479992576813245
0.6665146669748463
0.5313781178849772
0.42951362538998783
0.41227583378823307
0.3760637490330488
0.3593744110053049
0.4603311811463028
0.4324861624598027
0.1874444667255112
0.2540985165682349
0.1420674259362678
0.4257602601305829
0.4739233919738466
0.5187494758173434
0.4377706170763556
0.6665146669748463
0.17286359806044535
0.3230720796004966
0.1420674259362678
0.423374693520407
0.5309069739946404
0.4265114851930979
0.4732411662601414
0.4563581169636156
0.4487292727724694
0.4427050630617646
0.7858053468211935
0.17286359806044535
0.3713216578634521
0.4197281998062158
0.6665146669748463
0.6665146669748463
0.4040292931768894
0.4718405680364678
0.16009599173781666
0.6665146669748463
0.3877578004972805
0.7808014120983874
0.3689442778909908
0.3030688735974833
0.46598776630184985
0.4527893283448092
0.4645589373206415
0.46526492197946134
0.6665146669748463
0.16009599173781666
0.43228414722294556
0.6665146669748463
0.7858053468211935
0.43095774957528954
0.4197281998062158
0.43095774957528954
0.3150246336752624
0.45598016521397705
0.5209721813412336
0.6629145225696146
0.5383380299837424
0.5310273235003212
0.47267756554807
0.45996948640361907
0.5309069739946404
0.486538716727484
0.2978561110505083
0.19210200152296608
0.5331724993342091
0.21983509952601624
0.21983509952601624
0.5001214058929899
0.22452759928374927
0.42627030830053714
0.4287715959058056
0.5468020936117607
0.4812462083550054
0.2963271230161175
0.7858053468211935
0.1420674259362678
0.4495937836781044
0.5320951091927755
0.4691087265722137
0.6665146669748463
0.4530901856455621
0.4287715959058056
0.4290135003585909
0.4614532522555702
0.2540985165682349
0.4530901856455621
0.17286359806044535
0.5912850076439157
0.5151802435507824
0.5310273235003212
0.4694332955805754
0.42232407625596796
0.32723558633505767
0.6665146669748463
0.48636654609052066
0.4452871664221333
0.4374931104774157
0.5310273235003212
0.14946200299695622
0.6665146669748463
0.5752109214834298
0.46551026040322674
0.45461742047402126
0.3732343858259989
0.5313781178849772
0.458132867314607
0.3925471389447726
0.5304183253028939
0.5359233656719258
0.46321133065553366
0.46551026040322674
0.5359233656719258
0.40253362323411396
0.4382666389109296
0.42911116376850156
0.4230201709388417
0.4211504410145714
0.34085327657007175
0.4510458431051022
0.4682955190503094
0.4288019430890067
0.49622193884444726
0.45472821327433033
0.4283282327945341
0.4604987726019898
0.45206096991765915
0.44230537162086203
0.401475177583223
0.5219876443170323
0.380847151266749
0.48431622845688144
0.4533736536683962
0.41850506744348437
0.5313781178849772
0.447928182828697
0.3153134632394445
0.5359233656719258
0.47521906222617877
0.44230537162086203
0.497869547529297
0.5145805606372308
0.43198823013134935
0.4159793048557516
0.43365141434859994
0.47299530330382356
0.4344375127734833
0.48616649712729937
0.21983509952601624
0.40914737039683796
0.42174632386178657
0.4587226043904126
0.4374801751700323
0.4427050630617646
0.4928591259412755
0.47751045831581174
0.21965091031316394
0.2540985165682349
0.4807855091136584
0.50913403827441
0.5383380299837424
0.521952770332328
0.4561367707883904
0.46871178039777356
0.5359233656719258
0.4230201709388417
0.4125178344532324
0.5310273235003212
0.3990182198132541
0.3008972484896397
0.42911116376850156
0.4159793048557516
0.44123626451299386
0.19362811781883973
0.4087576529178391
0.4832783397994315
0.5198286445047937
0.43365141434859994
0.6665146669748463
0.20458490057220632
0.18407771432226483
0.45564119392429214
0.4845887992400979
0.39387192319888353
0.6665146669748463
0.48746003894297596
0.4036265650827848
0.39196242963745215
0.4232062384586452
0.47521906222617877
0.2559172282845084
0.7858053468211935
0.4087238754737871
0.6629145225696146
0.5310273235003212
0.2682263339733785
0.4197281998062158
0.4473803883273911
0.4140827844172285
0.42281364130662197
0.35623968045836024
0.4419899198085583
0.43242433029727134
0.4718688797031661
0.5310273235003212
0.45472821327433033
0.1420674259362678
0.4375123250299177
0.4679410739698805
0.4531887830812002
0.5912850076439157
0.4324861624598027
0.5162943738075935
0.447374566573122
0.45415176477671226
0.45619904436753095
0.4537378842645551
0.5169418879014436
0.5136522148923001
0.423032794216667
0.4230201709388417
0.4288019430890067
0.42411717995094816
0.3979556271354509
0.5088565412869952
0.33902973446190166
0.43546644121084194
0.48562730522488
0.4135102018558439
0.21983509952601624
0.42489104802734967
0.46628982953768566
0.5359233656719258
0.45806031689313553
0.37934037838957785
0.4335205661235612
0.6665146669748463
0.47123950260747527
0.3889293180684902
0.5406546585660913
0.4584760524332387
0.48467986655954554
0.4516989717356866
0.3153134632394445
0.5304183253028939
0.25899342960277405
0.4694532199273054
0.45786837558666765
0.42055985010888963
0.44374782482743685
0.4253067712033099
0.4262356421713108
0.3760637490330488
0.42951362538998783
0.4838751889266113
0.19175479901290782
0.5309069739946404
0.5266366846246022
0.5320951091927755
0.4407658124280382
0.4843251892861609
0.36852179411988456
0.45942428885427783
0.42221189628787786
0.5219876443170323
0.408755504000659
0.16009599173781666
0.6665146669748463
0.3902962722051505
0.4407658124280382
0.5468020936117607
0.4758798672771609
0.4602292151384188
0.43317055579272035
0.1874444667255112
0.4763603354458485
0.5383380299837424
0.4527893283448092
0.5320951091927755
0.5359233656719258
0.462873194611208
0.40413367698667907
0.5162029341707446
0.4055206507537884
0.5320951091927755
0.5383380299837424
0.4413090185322041
0.4666485395822816
0.4829677140830271
0.4232062384586452
0.4087238754737871
0.38800240235927386
0.4718405680364678
0.42411717995094816
0.3602113330189577
0.39576238564532257
0.43717807924507024
0.44079686728946027
0.49244645460216685
0.3689442778909908
0.41862702377130034
0.4344375127734833
0.4443121369977483
0.5331724993342091
0.40466222575092914
0.41832112601634647
0.6629145225696146
0.16009599173781666
0.1420674259362678
0.4890697560823444
0.21983509952601624
0.31833927017660224
0.46477349855149175
0.43074351814000794
0.4377706170763556
0.40413367698667907
0.20362726622202645
0.17286359806044535
0.38543603291383877
0.4584760524332387
0.38444968393597434
0.41227583378823307
0.44330092552198697
0.5124413720507439
0.48662791194411
0.4349996428147374
0.45942428885427783
0.5309069739946404
0.43350258397307095
0.4343189180026005
0.46477349855149175
0.17286359806044535
0.43520648910685317
0.2777428586544396
0.49973505745921715
0.38902108626291554
0.4568732275962261
0.41952670400192976
0.46436904506264387
0.42627030830053714
0.5383380299837424
0.42281364130662197
0.5313781178849772
0.4950805243673341
0.3627725165788331
0.4527893283448092
0.5310273235003212
0.7858053468211935
0.4571441146520036
0.5305734176333289
0.5192618664512861
0.45461742047402126
0.5151802435507824
0.41589200552973504
0.4238871086654015
0.21560616805636895
0.3689442778909908
0.508433021760102
0.1420674259362678
0.6665146669748463
0.49548798462376753
0.4530901856455621
0.4568732275962261
0.4290135003585909
0.4344375127734833
0.4752430693511231
0.4584760524332387
0.4726824691558856
0.4682955190503094
0.42174632386178657
0.462873194611208
0.17286359806044535
0.43074351814000794
0.45663272581832554
0.4686423007485798
0.6665146669748463
0.5359233656719258
0.14946200299695622
0.4767052023873419
0.44202430310572827
0.4682955190503094
0.45379544794310217
0.42411717995094816
0.46628982953768566
0.37934037838957785
0.4563581169636156
0.423374693520407
0.4290135003585909
0.5383380299837424
0.4816238504286406
0.42489104802734967
0.5309069739946404
0.19210200152296608
0.21983509952601624
0.3889293180684902
0.5304183253028939
0.4583828937309378
0.659929951744048
0.1420674259362678
0.4257602601305829
0.14946200299695622
0.3990182198132541
0.6665146669748463
0.5331724993342091
0.21983509952601624
0.5359233656719258
0.4265114851930979
0.46551026040322674
0.42348391484552267
0.5468020936117607
0.4563581169636156
0.475741800409548
0.521952770332328
0.5310273235003212
0.4726432443239024
0.5310273235003212
0.40067743748546963
0.4583828937309378
0.46384030503658585
0.45665469830371813
0.23042217036806292
0.48239800604259675
0.453010403164427
0.42184352433049094
0.4519001017113024
0.4123712312578551
0.5313781178849772
0.46526492197946134
0.2682263339733785
0.35261838214417296
0.5313781178849772
0.451456825654185
0.4230201709388417
0.32767852881420534
0.44381250206267214
0.46477349855149175
0.45579518975965144
0.4257944316087511
0.3616191111412874
0.522880586646568
0.4265114851930979
0.5313781178849772
0.2542119083190288
0.4575728582506364
0.5194972965411047
0.5320951091927755
0.47581265854282995
0.36314678285095353
0.6665146669748463
0.6665146669748463
0.4316296446236495
0.7858053468211935
0.4571776843079825
0.4602980205191644
0.46681597884701126
0.45212596965440777
0.39253822295577223
0.19210200152296608
0.5072809744361045
0.4287715959058056
0.4571776843079825
0.5383380299837424
0.4283569339559518
0.2540985165682349
0.4041000204862414
0.5209721813412336
0.4827438419388818
0.5140728353132856
0.401475177583223
0.2540985165682349
0.447153420979555
0.48534923832170307
0.41862702377130034
0.3019500235963425
0.22531886966595424
0.5309069739946404
0.5203981137454498
0.4554075089922678
0.4125178344532324
0.4673428524145797
0.45566500711289526
0.6665146669748463
0.4583828937309378
0.5305734176333289
0.4054042913968546
0.4739968562313005
0.5206825032259885
0.5399009772997765
0.45579518975965144
0.374777955072222
0.14946200299695622
0.4283282327945341
0.5399009772997765
0.5912850076439157
0.4635628967640702
0.4288019430890067
0.42055985010888963
0.3732343858259989
0.4840143468229647
0.4774472135963561
0.5219876443170323
0.374777955072222
0.48495407365770155
0.46144148621881764
0.42221189628787786
0.4527893283448092
0.45268554580405723
0.5912850076439157
0.4734727404500208
0.4132013573715328
0.5203981137454498
0.7858053468211935
0.45564119392429214
0.19184752542071068
0.4670723980063556
0.4087576529178391
0.4774472135963561
0.5304183253028939
0.4898536754425911
0.4661342315093333
0.6665146669748463
0.46175070488490577
0.5313781178849772
0.4992094369759616
0.21983509952601624
0.42221189628787786
0.45206096991765915
0.6665146669748463
0.45564119392429214
0.4349996428147374
0.45566500711289526
0.5305734176333289
0.4664850045830435
0.4103661401806618
0.4774472135963561
0.5162029341707446
0.6665146669748463
0.4145474083888857
0.4763603354458485
0.5313781178849772
0.22531886966595424
0.4700330825990301
0.39576238564532257
0.47074627332410907
0.5169069864872222
0.4712486764715608
0.4282987636366853
0.5383380299837424
0.45379544794310217
0.45461742047402126
0.4752705049430221
0.1420674259362678
0.29796957913560085
0.14946200299695622
0.4732411662601414
0.45268272284353395
0.5359233656719258
0.28164731104673113
0.451607881399657
0.33902973446190166
0.512774498903214
0.46966746576397644
0.4265114851930979
0.1420674259362678
0.4561367707883904
0.29418873829944187
0.47639519890341087
0.4563581169636156
0.19210200152296608
0.17021331694827513
0.1874444667255112
0.4287715959058056
0.44840332920443066
0.45219976413618523
0.43242433029727134
0.38950990110589795
0.4349996428147374
0.47751045831581174
0.5177373290898307
0.42489104802734967
0.6665146669748463
0.14946200299695622
0.43365141434859994
0.4663476143036805
0.2053344059359404
0.3989473372534108
0.2540985165682349
0.2681089383364515
0.43242433029727134
0.43636047932312794
0.46720581102317166
0.4718405680364678
0.4288019430890067
0.47336166841498106
0.473938426722511
0.4583828937309378
0.4192185402297546
0.48733736745008016
0.4568732275962261
0.5162943738075935
0.46175070488490577
0.47451312454660666
0.48323727318737136
0.20112929323541007
0.5298930465550153
0.19126402114157484
0.4694332955805754
0.29663633929959526
0.42941661886960253
0.4257602601305829
0.4182942279833734
0.4549485596465453
0.48355364636444664
0.19210200152296608
0.46407975935921103
0.12367833970583386
0.33760211531027495
0.4571776843079825
0.5298930465550153
0.5527065663648493
0.45279831298807943
0.4429422406833727
0.6665146669748463
0.49622193884444726
0.17286359806044535
0.6665146669748463
0.47935003588191416
0.4513825285683127
0.3871421246446339
0.5266366846246022
0.4752430693511231
0.5399009772997765
0.4718405680364678
0.4509978811802865
0.4668748923036851
0.44123626451299386
0.16009599173781666
0.4790297745384599
0.4866751453566294
0.5305734176333289
0.3616191111412874
0.5320951091927755
0.522697754280096
0.4737626486719167
0.5108265488271416
0.4073401637632201
0.3889293180684902
0.4285796310211259
0.45581898683044947
0.42565111422082696
0.5310273235003212
0.39287125573572784
0.1420674259362678
0.5091049766036052
0.45566500711289526
0.4344375127734833
0.2684323225017231
0.5320951091927755
0.5310273235003212
0.16009599173781666
0.5226770373635669
0.44519607483712076
0.6665146669748463
0.47336166841498106
0.4783321480141917
0.5146676096500912
0.29319678558857604
0.4145474083888857
0.43187540167714267
0.3871421246446339
0.5383380299837424
0.19210200152296608
0.4561367707883904
0.5310273235003212
0.3649287511502265
0.3158027684329039
0.6665146669748463
0.21983509952601624
0.4200090843211894
0.4417059442983239
0.46022143239517066
0.5305734176333289
0.14946200299695622
0.47145965558825353
0.21560616805636895
0.4250253485817084
0.4663476143036805
0.2916524660757251
0.48057268592410596
0.4262356421713108
0.3523130365137127
0.5468020936117607
0.20362726622202645
0.5383380299837424
0.3889293180684902
0.21983509952601624
0.3395728808362859
0.2837856931787505
0.4584760524332387
0.18407771432226483
0.45973033354199505
0.5226770373635669
0.3689245498448629
0.5242206885546773
0.45566500711289526
0.329593143032854
0.4487292727724694
0.4537378842645551
0.41001780560197665
0.4036265650827848
0.5310273235003212
0.5313781178849772
0.45268554580405723
0.4519001017113024
0.5320951091927755
0.5203981137454498
0.4695995876325586
0.4257602601305829
0.4620912758738009
0.4441949290024381
0.40914737039683796
0.4718405680364678
0.36852179411988456
0.47632234400282925
0.7858053468211935
0.42411717995094816
0.36342277849808446
0.21983509952601624
0.5266366846246022
0.19210200152296608
0.2946972676032468
0.17286359806044535
0.406325843865971
0.6665146669748463
0.4249856398810997
0.6665146669748463
0.6665146669748463
0.43350258397307095
0.4055206507537884
0.17286359806044535
0.5304183253028939
0.48092363039073915
0.460910725836491
0.4812859370839855
0.4554075089922678
0.4420005967035207
0.31692668262429835
0.4682955190503094
0.3441302601695933
0.5383380299837424
0.5399009772997765
0.48101582789294933
0.39432777888760534
0.43383256285203825
0.4382666389109296
0.521952770332328
0.5359233656719258
0.4658523432921146
0.521952770332328
0.23308867174518302
0.3414309650321563
0.42038420189956544
0.46871220065607183
0.4239261863544735
0.4730028568458273
0.16009599173781666
0.5305734176333289
0.48412000275903966
0.39387192319888353
0.4377139359578344
0.7858053468211935
0.5206825032259885
0.4783321480141917
0.3649287511502265
0.4604987726019898
0.4754721332735351
0.5169418879014436
0.42471513963192575
0.18407771432226483
0.39387192319888353
0.4408336905047337
0.5313781178849772
0.45942428885427783
0.6665146669748463
0.45265201084978784
0.4749023902475804
0.14946200299695622
0.47521906222617877
0.4495937836781044
0.48842024079346413
0.17286359806044535
0.4628360117848028
0.42217780093163904
0.48425087247366794
0.38444968393597434
0.2540985165682349
0.4377706170763556
0.45379544794310217
0.453010403164427
0.44499119031212847
0.4604987726019898
0.4452871664221333
0.4349996428147374
0.4539555415730439
0.4668748923036851
0.4568732275962261
0.7858053468211935
0.3970998793994522
0.4767052023873419
0.43350258397307095
0.47994646410524106
0.5320951091927755
0.4752705049430221
0.45579518975965144
0.50913403827441
0.42627030830053714
0.4788240498397457
0.19210200152296608
0.462873194611208
0.24090890833917536
0.49535718752767866
0.36286356373844814
0.6665146669748463
0.47347171921119513
0.3941306426666081
0.45461057916417436
0.6665146669748463
0.4283282327945341
0.4483877295712942
0.42471513963192575
0.4406541885439021
0.4561367707883904
0.46526492197946134
0.4324861624598027
0.4575728582506364
0.2944980281608157
0.5399009772997765
0.43074351814000794
0.3689848565007741
0.2916524660757251
0.4282987636366853
0.4561367707883904
0.5320951091927755
0.48091126395698786
0.47792128698690417
0.4852471935171473
0.7858053468211935
0.5309069739946404
0.44330092552198697
0.5151453342361029
0.2540985165682349
0.4807496965624281
0.43317055579272035
0.5088565412869952
0.45942428885427783
0.4635628967640702
0.34307708881812693
0.45566500711289526
0.4537378842645551
0.4343189180026005
0.40067743748546963
0.4527893283448092
0.659929951744048
0.4531887830812002
0.45665469830371813
0.5359233656719258
0.5320951091927755
0.5313781178849772
0.41107278796430796
0.4087576529178391
0.17286359806044535
0.21983509952601624
0.4054042913968546
0.43717807924507024
0.4717501547755781
0.5304183253028939
0.39400851629864614
0.44230537162086203
0.4622234190061297
0.43074351814000794
0.42249588592287685
0.4573761676332895
0.4406541885439021
0.45212596965440777
0.44374782482743685
0.5304183253028939
0.48294556880783635
0.19210200152296608
0.5304183253028939
0.4446972674806296
0.23052826192502907
0.4780075110901597
0.453010403164427
0.4702884221163508
0.3970998793994522
0.4670723980063556
0.44463519450697325
0.4527893283448092
0.43350258397307095
0.5209721813412336
0.47504659598646076
0.4323184481085969
0.35623968045836024
0.5310273235003212
0.43365141434859994
0.4419899198085583
0.39253822295577223
0.2999400985248645
0.472931316386551
0.43350258397307095
0.5359233656719258
0.19210200152296608
0.156728331725425
0.48369979361090404
0.5305734176333289
0.47521906222617877
0.3347127685521725
0.14946200299695622
0.4817866592168357
0.4055206507537884
0.39387192319888353
0.5266366846246022
0.3865628361454752
0.6665146669748463
0.5320951091927755
0.4673577499539796
0.4523181474267894
0.4751068799537157
0.5399009772997765
0.46871178039777356
0.7858053468211935
0.4635628967640702
0.44564563180895217
0.36406569517408466
0.4054042913968546
0.26006764813257255
0.48248149921155287
0.6665146669748463
0.21560616805636895
0.4262356421713108
0.4262356421713108
0.4495937836781044
0.5261345490771024
0.38646926834554746
0.4288019430890067
0.17286359806044535
0.16009599173781666
0.5359233656719258
0.5320951091927755
0.5111806284821716
0.6665146669748463
0.43324371792365857
0.3286874052485072
0.3889293180684902
0.1420674259362678
0.4702884221163508
0.4250253485817084
0.4159793048557516
0.3760637490330488
0.4404111559125544
0.4483877295712942
0.4664850045830435
0.14946200299695622
0.45379544794310217
0.512774498903214
0.433916459284401
0.5104282373669595
0.6665146669748463
0.4452871664221333
0.43317055579272035
0.4630159086605435
0.462873194611208
0.4666485395822816
0.4630159086605435
0.4614532522555702
0.4554075089922678
0.4766427980736064
0.50913403827441
0.43546644121084194
0.3153134632394445
0.5320951091927755
0.4287715959058056
0.5310273235003212
0.4282987636366853
0.45591311954847563
0.4751197817263985
0.2777428586544396
0.43317055579272035
0.4853687234606179
0.45581898683044947
0.42281364130662197
0.2546983123449612
0.4981773028514448
0.5912850076439157
0.4257602601305829
0.5146676096500912
0.44330092552198697
0.460910725836491
0.5305734176333289
0.4670743951579862
0.4673100110076834
0.4288019430890067
0.3570931691212595
0.39776908116269466
0.3295209739180531
0.17286359806044535
0.3721484408844242
0.6665146669748463
0.5226770373635669
0.11864767773413773
0.12367833970583386
0.4563581169636156
0.47145965558825353
0.5320951091927755
0.2721541970148775
0.5313781178849772
0.4140827844172285
0.46598776630184985
0.5309069739946404
0.5309069739946404
0.6665146669748463
0.4200090843211894
0.38223801794514584
0.42174632386178657
0.4200090843211894
0.7858053468211935
0.3145564020752498
0.4429422406833727
0.4519001017113024
0.5320951091927755
0.4788240498397457
0.4349996428147374
0.5313781178849772
0.4074430892289684
0.4452547743496809
0.19210200152296608
0.47290722244399214
0.47504659598646076
0.3282972887885473
0.15774025339090028
0.4288019430890067
0.45685400326652215
0.33045122572632385
0.494892809557857
0.5198286445047937
0.4495937836781044
0.4670723980063556
0.47632234400282925
0.5304183253028939
0.46144148621881764
0.44864723620845454
0.1420674259362678
0.329593143032854
0.4257944316087511
0.5210642501757531
0.46443372733872496
0.4742614785708733
0.4774472135963561
0.6665146669748463
0.5399009772997765
0.44230537162086203
0.4287715959058056
0.44864105485799805
0.6665146669748463
0.6665146669748463
0.4673100110076834
0.4257944316087511
0.47724501466663066
0.4316296446236495
0.46384030503658585
0.4197281998062158
0.39898470407457975
0.42055985010888963
0.2681089383364515
0.4230201709388417
0.4573761676332895
0.3126137111052984
0.5359233656719258
0.42221189628787786
0.4074113242512756
0.41042086788725873
0.5359233656719258
0.17286359806044535
0.4676558010022877
0.34407329283881655
0.44079686728946027
0.4527893283448092
0.5383380299837424
0.3627725165788331
0.5359233656719258
0.46951114798732263
0.3889293180684902
0.19210200152296608
0.501668663201463
0.49714566658078885
0.14946200299695622
0.46720581102317166
0.14946200299695622
0.43074351814000794
0.4283282327945341
0.4197281998062158
0.374777955072222
0.39898470407457975
0.6665146669748463
0.4250253485817084
0.45206096991765915
0.4377706170763556
0.4362422858170288
0.4495937836781044
0.6665146669748463
0.5310273235003212
0.4343189180026005
0.42423980321480736
0.4257944316087511
0.4282987636366853
0.46477502621898914
0.42833533408698976
0.25768889828127806
0.5305734176333289
0.5468020936117607
0.4801515369289814
0.5468020936117607
0.4249856398810997
0.3649287511502265
0.45996948640361907
0.5169418879014436
0.5298930465550153
0.35543838986192144
0.4446972674806296
0.17286359806044535
0.5310273235003212
0.5108265488271416
0.42627030830053714
0.7858053468211935
0.17286359806044535
0.3602113330189577
0.41862702377130034
0.5219876443170323
0.423374693520407
0.3704303877696576
0.4673577499539796
0.4699700027314748
0.4452547743496809
0.4140827844172285
0.23042217036806292
0.5194972965411047
0.5101300658062351
0.4495937836781044
0.4571776843079825
0.7858053468211935
0.4041000204862414
0.4239261863544735
0.20803437988551562
0.4866786882822503
0.3889293180684902
0.45508668127996693
0.17286359806044535
0.5091049766036052
0.4524986985286069
0.42217780093163904
0.6665146669748463
0.2721541970148775
0.17286359806044535
0.42232407625596796
0.48353090406198995
0.4260224009995362
0.6665146669748463
0.44202430310572827
0.23052826192502907
0.1420674259362678
0.4530901856455621
0.3701395514611135
0.47093772740135476
0.45996948640361907
0.45100251778928746
0.47786865235976156
0.14946200299695622
0.5169418879014436
0.19210200152296608
0.659929951744048
0.447374566573122
0.5305734176333289
0.3871421246446339
0.6665146669748463
0.5162943738075935
0.7808014120983874
0.40371996416670936
0.5309069739946404
0.47877196679668416
0.17286359806044535
0.2484000231093311
0.5310273235003212
0.5169418879014436
0.45981829472392804
0.4341274709342562
0.42951362538998783
0.5320951091927755
0.18407771432226483
0.17286359806044535
0.43417981634825986
0.47521906222617877
0.6321752624253023
0.5399009772997765
0.45566500711289526
0.2542119083190288
0.5088565412869952
0.39253822295577223
0.6665146669748463
0.4635628967640702
0.5399009772997765
0.4920616199294242
0.5101300658062351
0.4832783397994315
0.22531886966595424
0.5219876443170323
0.4685185134606748
0.36314678285095353
0.46871178039777356
0.4788481141105168
0.45268554580405723
0.5304183253028939
0.45665469830371813
0.3889293180684902
0.5304183253028939
0.4968715327459215
0.21983509952601624
0.44202430310572827
0.4282987636366853
0.4226162882800742
0.2963271230161175
0.40811633282090853
0.39898470407457975
0.5359233656719258
0.5210642501757531
0.45942428885427783
0.6665146669748463
0.4283569339559518
0.4806331484656699
0.5468020936117607
0.45942428885427783
0.40986273277423757
0.42658618105322454
0.30142880039390896
0.4288019430890067
0.39253822295577223
0.4381450510844235
0.40046110940786167
0.453010403164427
0.45768387039304687
0.3625473697025889
0.47632234400282925
0.5043117012718061
0.39387192319888353
0.4513825285683127
0.4426931718840857
0.17286359806044535
0.5468020936117607
0.1420674259362678
0.7858053468211935
0.4250253485817084
0.42221189628787786
0.5101300658062351
0.4739233919738466
0.43350258397307095
0.42055985010888963
0.6665146669748463
0.3474725952342404
0.23042217036806292
0.6665146669748463
0.48004450534697496
0.4921299238618808
0.43302490067683513
0.43324371792365857
0.4316296446236495
0.5187494758173434
0.4552790682421907
0.1420674259362678
0.4036265650827848
0.4878686336187572
0.45564119392429214
0.5527065663648493
0.4583828937309378
0.4819055487239976
0.4760348756084391
0.6665146669748463
0.6665146669748463
0.4346946381604394
0.3282972887885473
0.4539555415730439
0.4620912758738009
0.6665146669748463
0.21983509952601624
0.5468020936117607
0.659929951744048
0.5912850076439157
0.5305734176333289
0.4121556035204076
0.4406541885439021
0.23052826192502907
0.5177373290898307
0.4682955190503094
0.4533736536683962
0.4374931104774157
0.2723589904757349
0.5162943738075935
0.5383380299837424
0.47934036451896667
0.47370278209838057
0.5198286445047937
0.472751507462236
0.4768827760620772
0.4404111559125544
0.6197599791427736
0.2653206786153862
0.512774498903214
0.4827804367627909
0.4377706170763556
0.451607881399657
0.5383380299837424
0.445563941710475
0.5313781178849772
0.46407975935921103
0.5468020936117607
0.3361179800412397
0.4539555415730439
0.3865628361454752
0.3011740733823275
0.34007406581717997
0.4103661401806618
0.41677836857898004
0.45973033354199505
0.5383380299837424
0.3865628361454752
0.5912850076439157
0.45206096991765915
0.42174632386178657
0.1420674259362678
0.7858053468211935
0.46436904506264387
0.4349996428147374
0.20112929323541007
0.4375123250299177
0.47877196679668416
0.5004023235782763
0.44330092552198697
0.338073199663849
0.6665146669748463
0.39432777888760534
0.38950990110589795
0.5298930465550153
0.4055206507537884
0.5146983690109945
0.23042217036806292
0.45361619638988954
0.1420674259362678
0.5359233656719258
0.5359233656719258
0.4519001017113024
0.4423779728371304
0.4230201709388417
0.42217780093163904
0.46270465791576015
0.3689442778909908
0.17286359806044535
0.5304183253028939
0.44133131122608404
0.4554075089922678
0.5383380299837424
0.1420674259362678
0.48091126395698786
0.5309069739946404
0.49010141225099196
0.4712602657959568
0.5005075418345217
0.5126875398537082
0.43350258397307095
0.43242433029727134
0.5304183253028939
0.4694332955805754
0.1420674259362678
0.45768387039304687
0.4635628967640702
0.43302490067683513
0.4895331184120053
0.41227583378823307
0.6665146669748463
0.49950944647978035
0.41107278796430796
0.23308867174518302
0.34442314397007134
0.14946200299695622
0.45581898683044947
0.6665146669748463
0.471611151771306
0.35014183578029257
0.6665146669748463
0.5151453342361029
0.4805313668700569
0.6665146669748463
0.5310273235003212
0.3453589863683798
0.20362726622202645
0.40371996416670936
0.3990182198132541
0.35507200923446824
0.4571776843079825
0.6665146669748463
0.445563941710475
0.20112929323541007
0.46479001170588036
0.5310273235003212
0.4408336905047337
0.39176006599249014
0.5310273235003212
0.7858053468211935
0.5320951091927755
0.40371996416670936
0.6665146669748463
0.5053870793294171
0.46989466151994375
0.4272589761747207
0.45279831298807943
0.47229710039699885
0.5359233656719258
0.45461742047402126
0.5004023235782763
0.4554075089922678
0.14946200299695622
0.48228338188149883
0.5169418879014436
0.36406569517408466
0.3649287511502265
0.5310273235003212
0.5310273235003212
0.2353952504218347
0.14946200299695622
0.3981735912323325
0.4635628967640702
0.4452547743496809
0.42221189628787786
0.4739968562313005
0.48231121182988335
0.47734007516595256
0.4117441697105095
0.46526492197946134
0.4377706170763556
0.5210642501757531
0.6665146669748463
0.4663476143036805
0.45566500711289526
0.2611226976724014
0.5174320765106746
0.28399675666580965
0.29418873829944187
0.5145909460197676
0.44425008868747795
0.6665146669748463
0.5313781178849772
0.2682263339733785
0.4487292727724694
0.5146676096500912
0.3240909895446532
0.44777452245188476
0.521952770332328
0.5313781178849772
0.5399009772997765
0.38496499162205944
0.4664850045830435
0.41227583378823307
0.45279831298807943
0.49116247197106044
0.5206825032259885
0.5309069739946404
0.32767852881420534
0.4700330825990301
0.43324371792365857
0.5151453342361029
0.5399009772997765
0.4533736536683962
0.4509166593295856
0.4670743951579862
0.4664850045830435
0.2542119083190288
0.4827804367627909
0.4149415506822445
0.5310273235003212
0.47553301679705284
0.6665146669748463
0.458636147103023
0.4541334686957796
0.47562171635850414
0.6665146669748463
0.4645589373206415
0.3627725165788331
0.4344375127734833
0.17286359806044535
0.4905915081267275
0.4349996428147374
0.4069446033581713
0.4563581169636156
0.47521906222617877
0.5304183253028939
0.47994332285179225
0.4526613058063465
0.17286359806044535
0.1420674259362678
0.47821068570023173
0.47156986884303415
0.4377706170763556
0.49950944647978035
0.19210200152296608
0.5359233656719258
0.42411717995094816
0.4349996428147374
0.5226770373635669
0.42221189628787786
0.6505717899898809
0.4257944316087511
0.659929951744048
0.6665146669748463
0.45942428885427783
0.488956433541168
0.46551026040322674
0.4290135003585909
0.5145909460197676
0.4343189180026005
0.5232547311473569
0.38543603291383877
0.20362726622202645
0.48878381476348376
0.45942428885427783
0.4282987636366853
0.20458490057220632
0.40914737039683796
0.20362726622202645
0.4290135003585909
0.4257602601305829
0.5320951091927755
0.43324371792365857
0.1640564584326357
0.3889293180684902
0.44123626451299386
0.36273297881853794
0.4324861624598027
0.4283569339559518
0.46594786567832425
0.5309069739946404
0.472931316386551
0.4285796310211259
0.36551720039582875
0.45581898683044947
0.4617934417599204
0.33902973446190166
0.2994071052371895
0.4661342315093333
0.34007406581717997
0.45472821327433033
0.47685621620127777
0.3171082426592581
0.4257944316087511
0.7858053468211935
0.4568732275962261
0.45996948640361907
0.28855226246417937
0.45942428885427783
0.4635628967640702
0.454550451756433
0.4527264372383083
0.5313781178849772
0.42471974652085087
0.43723689872993665
0.44463519450697325
0.5305734176333289
0.4145474083888857
0.5310273235003212
0.5309069739946404
0.1420674259362678
0.19184752542071068
0.44123626451299386
0.5383380299837424
0.12367833970583386
0.4614532522555702
0.5320951091927755
0.4036382968885974
0.16009599173781666
0.40646128181155466
0.45472821327433033
0.4572447161770776
0.48310543193832356
0.39776908116269466
0.3990182198132541
0.4622234190061297
0.4406541885439021
0.47368514437502707
0.4767052023873419
0.14946200299695622
0.5126875398537082
0.4324861624598027
0.6665146669748463
0.4121556035204076
0.4292289455955219
0.4527893283448092
0.4513825285683127
0.36852179411988456
0.6665146669748463
0.40811633282090853
0.4531887830812002
0.4464679757668398
0.4404111559125544
0.4452871664221333
0.46140107727384
0.6665146669748463
0.4702884221163508
0.46330922800412977
0.1420674259362678
0.4717501547755781
0.4039373330250131
0.4666485395822816
0.4090689494357884
0.4294793786816012
0.4670723980063556
0.45579518975965144
0.3995229968712666
0.4343189180026005
0.47556890001410673
0.451672875872279
0.5399009772997765
0.6665146669748463
0.3991284232655566
0.45268554580405723
0.4250253485817084
0.5304183253028939
0.6665146669748463
0.6665146669748463
0.35674434676224126
0.35507200923446824
0.45355583851933773
0.46321133065553366
0.4290135003585909
0.3981735912323325
0.6665146669748463
0.4853687234606179
0.5313781178849772
0.4340056596813997
0.4747542420856116
0.39387192319888353
0.5359233656719258
0.3970998793994522
0.47368514437502707
0.4188653851061933
0.4604987726019898
0.4523181474267894
0.4783321480141917
0.23308867174518302
0.45566500711289526
0.4197281998062158
0.4734727404500208
0.43546644121084194
0.43717807924507024
0.4239261863544735
0.4195687123404682
0.6665146669748463
0.4346946381604394
0.4055206507537884
0.46436904506264387
0.4801515369289814
0.5169069864872222
0.4041000204862414
0.4718405680364678
0.5000144901007989
0.4272589761747207
0.3889293180684902
0.4663476143036805
0.4630159086605435
0.45942428885427783
0.48665490194963607
0.42217780093163904
0.4805313668700569
0.40067743748546963
0.4694532199273054
0.22531886966595424
0.4680565848883063
0.4288019430890067
0.7808014120983874
0.14946200299695622
0.4635628967640702
0.5104282373669595
0.4257602601305829
0.17286359806044535
0.42110210771834017
0.659929951744048
0.14946200299695622
0.39576238564532257
0.4519001017113024
0.23308867174518302
0.38950397222701155
0.3627725165788331
0.4343189180026005
0.4504656699282893
0.4290135003585909
0.4563581169636156
0.3889293180684902
0.4260066670214615
0.3331630118505313
0.46989466151994375
0.6665146669748463
0.18897765610157113
0.43242433029727134
0.4766427980736064
0.4628360117848028
0.4290135003585909
0.7858053468211935
0.46205273662120133
0.4344375127734833
0.5468020936117607
0.42110210771834017
0.5383380299837424
0.18407771432226483
0.39898470407457975
0.4832534010714398
0.19210200152296608
0.38902108626291554
0.5210642501757531
0.4583828937309378
0.4694332955805754
0.3889293180684902
0.4230201709388417
0.4702884221163508
0.4257602601305829
0.4775778183739904
0.4495937836781044
0.5310273235003212
0.4537378842645551
0.42911116376850156
0.16009599173781666
0.46526492197946134
0.4265114851930979
0.3994829025646806
0.3990182198132541
0.47366793743238594
0.4407658124280382
0.5912850076439157
0.5266366846246022
0.36157779464792134
0.20362726622202645
0.2843456741414375
0.45311540429430575
0.43074351814000794
0.4703937028568316
0.4230201709388417
0.48388918845402107
0.5320951091927755
0.21983509952601624
0.35066030637239026
0.5061598225567097
0.3649287511502265
0.4630159086605435
0.43350258397307095
0.5309069739946404
0.42951362538998783
0.48228338188149883
0.5320951091927755
0.4265114851930979
0.42627030830053714
0.6665146669748463
0.4645589373206415
0.2540985165682349
0.42489104802734967
0.451607881399657
0.20006258376384758
0.29418873829944187
0.4666485395822816
0.43251169638503856
0.659929951744048
0.374777955072222
0.7858053468211935
0.4371238721729277
0.20362726622202645
0.4673100110076834
0.488956433541168
0.38800240235927386
0.2942573743975444
0.26325145743098805
0.4159793048557516
0.40202049022486347
0.23308867174518302
0.44519607483712076
0.47839210960522677
0.4571441146520036
0.45379544794310217
0.31471906883274997
0.3195207712875288
0.5359233656719258
0.4452547743496809
0.4606077017642483
0.45942428885427783
0.4767052023873419
0.1420674259362678
0.4796773476999544
0.4790297745384599
0.2653206786153862
0.5310273235003212
0.4571441146520036
0.1420674259362678
0.4584760524332387
0.7858053468211935
0.48507584293728007
0.6629145225696146
0.6665146669748463
0.47197160516580117
0.5141676502322614
0.44230537162086203
0.4483877295712942
0.4645589373206415
0.46477502621898914
0.47156986884303415
0.4324861624598027
0.5310273235003212
0.43317055579272035
0.45212596965440777
0.521952770332328
0.5304183253028939
0.45942428885427783
0.47267756554807
0.4682744648256478
0.3991284232655566
0.3476555198974495
0.47267756554807
0.4349996428147374
0.5304183253028939
0.08694942846157573
0.4829677140830271
0.20793584283176178
0.41679230636676956
0.36196906308364474
0.3760637490330488
0.17286359806044535
0.34491225933264297
0.4816238504286406
0.19210200152296608
0.4722138797405236
0.43546644121084194
0.4682955190503094
0.462873194611208
0.3128012991949626
0.7858053468211935
0.49060707355081995
0.19210200152296608
0.42110210771834017
0.4886337195047059
0.4775778183739904
0.38950990110589795
0.4375123250299177
0.5399009772997765
0.3941306426666081
0.4340056596813997
0.6665146669748463
0.1420674259362678
0.4182942279833734
0.7858053468211935
0.44028084813812823
0.46407975935921103
0.7808014120983874
0.2942573743975444
0.33902973446190166
0.5313781178849772
0.4527893283448092
0.3981735912323325
0.4635628967640702
0.5108265488271416
0.5085222695533196
0.5383380299837424
0.522880586646568
0.44499119031212847
0.6665146669748463
0.4767052023873419
0.512774498903214
0.4742923689554548
0.4282987636366853
0.3979373194819682
0.2611226976724014
0.5383380299837424
0.44079686728946027
0.38950397222701155
0.40466222575092914
0.5468020936117607
0.486538716727484
0.42489104802734967
0.521952770332328
0.5309069739946404
0.40646128181155466
0.4663476143036805
0.42184352433049094
0.4230201709388417
0.5359233656719258
0.4885141515555379
0.4700330825990301
0.5383380299837424
0.5208813244936542
0.4583828937309378
0.5136522148923001
0.46966746576397644
0.4518586039145363
0.39387192319888353
0.19210200152296608
0.34442314397007134
0.46324687956123306
0.5399009772997765
0.4645589373206415
0.43163998576438917
0.5151802435507824
0.47156986884303415
0.4484960819016026
0.19175479901290782
0.21983509952601624
0.17286359806044535
0.4250253485817084
0.14946200299695622
0.5912850076439157
0.5305734176333289
0.4682955190503094
0.39253822295577223
0.386536894997007
0.4635628967640702
0.4539555415730439
0.43928554588838953
0.46384030503658585
0.2875992018896551
0.42221189628787786
0.7858053468211935
0.3948758952865091
0.42232407625596796
0.4749023902475804
0.5210642501757531
0.6665146669748463
0.4260066670214615
0.453010403164427
0.3267158723174594
0.2682263339733785
0.22531886966595424
0.3689442778909908
0.4700330825990301
0.7858053468211935
0.5145909460197676
0.4519001017113024
0.47504659598646076
0.48417919516200625
0.3675503116151413
0.19210200152296608
0.4294872661489535
0.5359233656719258
0.4484960819016026
0.4323184481085969
0.4573761676332895
0.5320951091927755
0.20362726622202645
0.4343189180026005
0.5912850076439157
0.19728704025477492
0.7858053468211935
0.4700330825990301
0.5313781178849772
0.34197879879626203
0.5313781178849772
0.4283569339559518
0.14946200299695622
0.43074351814000794
0.16009599173781666
0.5399009772997765
0.20362726622202645
0.4775778183739904
0.44230537162086203
0.18407771432226483
0.48310543193832356
0.46743008337335873
0.23052826192502907
0.4515290654773564
0.6665146669748463
0.5309069739946404
0.4230201709388417
0.17286359806044535
0.42092718565361026
0.23308867174518302
0.4452547743496809
0.5136522148923001
0.5309069739946404
0.47779374245912465
0.4568732275962261
0.374777955072222
0.29663633929959526
0.4630159086605435
0.462873194611208
0.48419082748017384
0.2911049368246173
0.17286359806044535
0.44374782482743685
0.34307708881812693
0.4464679757668398
0.5199538618956274
0.46285099427408855
0.4670743951579862
0.4087576529178391
0.5310273235003212
0.4724324783760351
0.2540985165682349
0.19210200152296608
0.4846029883016324
0.49087660439931724
0.4809461545704503
0.48117514291383856
0.4226162882800742
0.4426931718840857
0.45581898683044947
0.42221189628787786
0.3616191111412874
0.4262356421713108
0.4349996428147374
0.7858053468211935
0.6665146669748463
0.5912850076439157
0.4530901856455621
0.14946200299695622
0.45379544794310217
0.3424537025149331
0.4635628967640702
0.4531887830812002
0.14946200299695622
0.6665146669748463
0.4377706170763556
0.5310273235003212
0.4290135003585909
0.4073401637632201
0.5037633029039392
0.5145805606372308
0.45413065357450205
0.5198286445047937
0.44330092552198697
0.47199973867034223
0.42489104802734967
0.39576238564532257
0.5141676502322614
0.48468502232808564
0.4153861129091434
0.39576238564532257
0.4192185402297546
0.44315855464536563
0.45996948640361907
0.5313781178849772
0.42773806100037337
0.41862702377130034
0.49260901238442
0.43383256285203825
0.39576238564532257
0.43383256285203825
0.4495937836781044
0.5309069739946404
0.47368514437502707
0.6665146669748463
0.35899015998631256
0.4827804367627909
0.1420674259362678
0.4573761676332895
0.3008972484896397
0.7858053468211935
0.447374566573122
0.3471627692400566
0.5169418879014436
0.1420674259362678
0.39253822295577223
0.4707805780266139
0.4809461545704503
0.447374566573122
0.21560616805636895
0.3395728808362859
0.40648103256291046
0.5310273235003212
0.4420005967035207
0.4614532522555702
0.3649287511502265
0.40067743748546963
0.19210200152296608
0.4670743951579862
0.5383380299837424
0.4571441146520036
0.5468020936117607
0.2542119083190288
0.5001214058929899
0.5053870793294171
0.4718405680364678
0.5320951091927755
0.47451312454660666
0.4127182405322474
0.4249856398810997
0.39576238564532257
0.4239261863544735
0.374777955072222
0.6665146669748463
0.5309069739946404
0.5309069739946404
0.5309069739946404
0.521952770332328
0.5310273235003212
0.5310273235003212
0.4262356421713108
0.4501137867658078
0.462873194611208
0.4635628967640702
0.4257944316087511
0.5305734176333289
0.47237801248731337
0.4848244514727404
0.4283282327945341
0.5146983690109945
0.45206096991765915
0.4664850045830435
0.46175070488490577
0.19184752542071068
0.45413065357450205
0.4609813010534502
0.3941306426666081
0.5162943738075935
0.42786198071132076
0.17286359806044535
0.4197281998062158
0.6665146669748463
0.4603242732318753
0.2229922981973906
0.4561367707883904
0.36622519862254677
0.4666485395822816
0.4575728582506364
0.19210200152296608
0.35866325377575664
0.4669070793246213
0.19210200152296608
0.44315855464536563
0.3153134632394445
0.40154251069654934
0.401475177583223
0.4377706170763556
0.4679020082119839
0.250390483537381
0.4700330825990301
0.38543603291383877
0.6665146669748463
0.3391080580877821
0.6665146669748463
0.40086183512915063
0.511759238972506
0.5310273235003212
0.48843509334308766
0.4324861624598027
0.2837856931787505
0.4294793786816012
0.5309069739946404
0.5310273235003212
0.48310543193832356
0.47114019119332073
0.6665146669748463
0.4140827844172285
0.46205273662120133
0.40466222575092914
0.3990182198132541
0.20362726622202645
0.5151453342361029
0.5124413720507439
0.12367833970583386
0.48288505255461955
0.2944980281608157
0.4262356421713108
0.17286359806044535
0.4697988552798893
0.5305734176333289
0.4571776843079825
0.20362726622202645
0.3008972484896397
0.4290135003585909
0.42489104802734967
0.4880157817331548
0.47074627332410907
0.4432807999798931
0.4664850045830435
0.4230201709388417
0.46477349855149175
0.4616721976492528
0.521952770332328
0.3262724935413103
0.42911116376850156
0.47632234400282925
0.47240696212021965
0.45942428885427783
0.34905016562572455
0.4288019430890067
0.41674439552143505
0.4530901856455621
0.4682955190503094
0.45768387039304687
0.4283282327945341
0.5186390343789896
0.49756332788722524
0.7858053468211935
0.17286359806044535
0.12367833970583386
0.4374931104774157
0.19210200152296608
0.5198286445047937
0.3649287511502265
0.21560616805636895
0.3158027684329039
0.3230720796004966
0.4561367707883904
0.4668748923036851
0.4920616199294242
0.39776908116269466
0.5198286445047937
0.5304183253028939
0.4036265650827848
0.473938426722511
0.6665146669748463
0.4899669898322072
0.4055206507537884
0.4848244514727404
0.28164731104673113
0.45564119392429214
0.4583828937309378
0.5151802435507824
0.42348391484552267
0.4717501547755781
0.3760637490330488
0.4340056596813997
0.42221189628787786
0.6665146669748463
0.5383380299837424
0.3395728808362859
0.42423980321480736
0.1420674259362678
0.6665146669748463
0.439908401542216
0.4537378842645551
0.5359233656719258
0.43095774957528954
0.6665146669748463
0.4381450510844235
0.486538716727484
0.45566500711289526
0.45875131696197424
0.46628982953768566
0.20362726622202645
0.5313781178849772
0.45261066997869037
0.48155624693501414
0.45786837558666765
0.45379544794310217
0.4238871086654015
0.6665146669748463
0.46144148621881764
0.47123950260747527
0.5305734176333289
0.21560616805636895
0.521952770332328
0.5912850076439157
0.42489104802734967
0.4530901856455621
0.4332072790536093
0.4077174986786979
0.38740402269995916
0.3825059272075909
0.4563581169636156
0.46321133065553366
0.5141676502322614
0.5203981137454498
0.34137293464257784
0.45942428885427783
0.5320951091927755
0.26722061806280056
0.29185248570979605
0.5320951091927755
0.4324861624598027
0.48636654609052066
0.5088565412869952
0.2682263339733785
0.45355583851933773
0.46350001157385584
0.1420674259362678
0.48612477626276807
0.46144148621881764
0.5000144901007989
0.4087576529178391
0.47835629153564707
0.3994829025646806
0.6665146669748463
0.19210200152296608
0.42221189628787786
0.29428640039049964
0.46436904506264387
0.21983509952601624
0.5912850076439157
0.5383380299837424
0.5310273235003212
0.19210200152296608
0.4426931718840857
0.21540845896691901
0.39576238564532257
0.36367971493713036
0.3942191341237766
0.37143827378225935
0.4287715959058056
0.36286356373844814
0.4283282327945341
0.48625108048640087
0.5359233656719258
0.12367833970583386
0.45768387039304687
0.5320951091927755
0.4679410739698805
0.6665146669748463
0.4316296446236495
0.19210200152296608
0.522880586646568
0.4604987726019898
0.19210200152296608
0.45579518975965144
0.5399009772997765
0.11864767773413773
0.4452871664221333
0.47336166841498106
0.5305734176333289
0.46628982953768566
0.4290135003585909
0.4230201709388417
0.5320951091927755
0.4751068799537157
0.21983509952601624
0.5331724993342091
0.483615979908458
0.3529064438081732
0.4566410378905876
0.5194972965411047
0.453010403164427
0.43074351814000794
0.4670723980063556
0.4789489025094657
0.5310273235003212
0.43317055579272035
0.39253822295577223
0.5399009772997765
0.20362726622202645
0.34442314397007134
0.4316296446236495
0.23042217036806292
0.4263703519000262
0.2012254242326364
0.35261838214417296
0.3395728808362859
0.36286356373844814
0.4717501547755781
0.521952770332328
0.4054042913968546
0.4809461545704503
0.4664850045830435
0.41227583378823307
0.42627030830053714
0.5309069739946404
0.28164731104673113
0.5468020936117607
0.43317055579272035
0.14946200299695622
0.18407771432226483
0.44499119031212847
0.451456825654185
0.3649287511502265
0.4513825285683127
0.4197281998062158
0.35261838214417296
0.2353952504218347
0.5468020936117607
0.43324371792365857
0.4230201709388417
0.5310273235003212
0.23042217036806292
0.4382215644144715
0.46270465791576015
0.45566500711289526
0.3979373194819682
0.49548798462376753
0.502785443948319
0.3877578004972805
0.4262356421713108
0.4666485395822816
0.4573761676332895
0.3230720796004966
0.4515290654773564
0.4573761676332895
0.4968464432616557
0.45591311954847563
0.521952770332328
0.44840332920443066
0.4775778183739904
0.47283011644270717
0.5141676502322614
0.5310273235003212
0.4103661401806618
0.45942428885427783
0.42489104802734967
0.4666485395822816
0.5359233656719258
0.486538716727484
0.5359233656719258
0.4583828937309378
0.1420674259362678
0.5226770373635669
0.4349996428147374
0.4197281998062158
0.4257944316087511
0.1420674259362678
0.48482540366958093
0.4453760123657682
0.4527893283448092
0.14946200299695622
0.4805290835136188
0.39387192319888353
0.48091126395698786
0.4630159086605435
0.4452871664221333
0.3942062275791725
0.4250253485817084
0.16009599173781666
0.14946200299695622
0.26325145743098805
0.23052826192502907
0.4501137867658078
0.5310273235003212
0.45566500711289526
0.5320951091927755
0.48447037992901865
0.6665146669748463
0.5912850076439157
0.4036265650827848
0.3627725165788331
0.5912850076439157
0.43825111174217757
0.4702884221163508
0.4472551759514213
0.5172614401872462
0.5208813244936542
0.44942835544051607
0.29893831507282825
0.5203981137454498
0.4493108790051211
0.5310273235003212
0.43365141434859994
0.5305734176333289
0.16009599173781666
0.38444968393597434
0.5162943738075935
0.5310273235003212
0.4552358997143317
0.4712602657959568
0.4682955190503094
0.498970534410901
0.4668748923036851
0.45685400326652215
0.47632234400282925
0.45665469830371813
0.7858053468211935
0.4620912758738009
0.4011758815797686
0.21983509952601624
0.5399009772997765
0.43074351814000794
0.5172614401872462
0.4232062384586452
0.3479992576813245
0.3153134632394445
0.4495937836781044
0.5199538618956274
0.45564119392429214
0.5145909460197676
0.43023521729425435
0.4607382039419256
0.5320951091927755
0.5309069739946404
0.47553301679705284
0.14946200299695622
0.17286359806044535
0.43383256285203825
0.14946200299695622
0.5399009772997765
0.41677836857898004
0.453010403164427
0.3457499863836357
0.4250253485817084
0.4635628967640702
0.466614292912855
0.4860449566336046
0.4041000204862414
0.4763603354458485
0.5198286445047937
0.46205273662120133
0.4288019430890067
0.433916459284401
0.46407975935921103
0.4197281998062158
0.16009599173781666
0.48842024079346413
0.5309069739946404
0.2542119083190288
0.17286359806044535
0.42221189628787786
0.4501137867658078
0.41766163222907077
0.4561367707883904
0.44381250206267214
0.43350258397307095
0.47521906222617877
0.659929951744048
0.41862702377130034
0.19210200152296608
0.36302857246901293
0.6197599791427736
0.4349996428147374
0.4927312680172919
0.4230201709388417
0.25899342960277405
0.39253822295577223
0.47548228299196327
0.49280057793320076
0.4632919651320686
0.4584760524332387
0.7858053468211935
0.39387192319888353
0.4530901856455621
0.4271444252225317
0.5198286445047937
0.5108265488271416
0.42221189628787786
0.5131445117728957
0.39576238564532257
0.14946200299695622
0.4739233919738466
0.4230201709388417
0.45786837558666765
0.4602292151384188
0.5359233656719258
0.31833927017660224
0.17286359806044535
0.4523181474267894
0.5313781178849772
0.40975140964738216
0.5169418879014436
0.17286359806044535
0.7858053468211935
0.4584760524332387
0.43302490067683513
0.3907460357407006
0.3649287511502265
0.31861957171509026
0.5359233656719258
0.1926836032188577
0.2944980281608157
0.2214976836437425
0.521952770332328
0.4575375889591485
0.5309069739946404
0.4739968562313005
0.4780075110901597
0.4513825285683127
0.4515290654773564
0.44315855464536563
0.3991284232655566
0.47370278209838057
0.4257944316087511
0.4533736536683962
0.14946200299695622
0.4802598756932529
0.30814133664507304
0.5320951091927755
0.48636654609052066
0.17286359806044535
0.42184352433049094
0.39253822295577223
0.4629723751117079
0.6665146669748463
0.5468020936117607
0.4419902645555696
0.2542119083190288
0.45433404479256567
0.4374801751700323
0.4926115027824515
0.5310273235003212
0.45786837558666765
0.5242206885546773
0.5359233656719258
0.4895805434697455
0.4530901856455621
0.45379544794310217
0.5203981137454498
0.4666485395822816
0.3689442778909908
0.46743008337335873
0.2540985165682349
